865443478943244698765432105678923567895324579876421245
874312567893123459998764323899312356789434598954210123
965105679932012567899876436989564467896595697654323345
654323478963234789921986545678979578987989989875475556
788764569654345679942398997899898989398976778986567667
899896778999957789799979999945767890249764569987679979
999987889987898895698667895323456789398953457899799898
098799999976789954987543987014678999987532346689988659
299656789965679542396432198126989398798321234568976543
987545699894578901987599298437894249654320145678989752
998433598793989212599987987645992199865431234589999878
889321987689899323456976598786789989976554345999965999
778910976545678934999654339897897679987665467899854456
668999765333786899888942123998923578998879689998763235
457789894212345698767931029879012467899998799987482125
345699986634556897658942939765124578954789899876321012
146789876546868987645959899954235689893679989985432199
234899997656789976539896778894346789742565678986645987
356789998789899854325795669789487998631434699598799986
467899789898998766413494347678998987540123579439898795
978997699997987654324579244567899899432234678912998654
999986569876598866435689023788976789544345679109999843
989895434999439878986789134689345698677576789298987654
878789421098923989897893245792234569789688999997898789
867679534987919997698965456890123479899899269896799898
655568959896898976569876568942934989901989349765899987
943459969765797897456989789769899894219878998543298766
732345898654376789378999899998798789398969876432109654
543456789432245995469976999897644699987656987546349785
956789894321034789598765498765423579865442987677569854