82785721147937561918335611274
24951715851224265192819196856
79618219998839656429741312234
64411794181661194853389119543
84245166668691918159199151145
49342826116383175243668651977
11516214993312292111263716813
35431686529174961228117114149
81198749569185292998861171984
37153584581849818293148691159
14577491197843917331395848261
71791769588926537312991985231
44711614213391119333695879739
19312151414733445326811634953
91516897568492343874434259229
25661135479141626415992988432
99228766968969942175617931823
24113398633156129197183121949
14188411188197194191363426922
29911124711644982371195128361
23691555366582482424461967142
31397376155669298285923215196
24731929819482279871116874865
43111527794951769265271721169
42967945976422979117626125922
29194261213111352633249397268
46349151816991815721533952116
62977191211136699815923261913
33186142411391131591167194112
23834191572429196372111298111